tempo rho11 rho22 rho33 soma
fs
1 0.49998 0.49998 3.94774e-005 1
2 0.499921 0.499921 0.000157899 1
3 0.499822 0.499822 0.000355232 1
4 0.499684 0.499684 0.000631429 1
5 0.499507 0.499507 0.00098642 1
6 0.49929 0.49929 0.00142012 1
7 0.499034 0.499034 0.00193242 1
8 0.498738 0.498738 0.00252319 1
9 0.498404 0.498404 0.0031923 1
10 0.49803 0.49803 0.00393958 1
11 0.497618 0.497618 0.00476486 1
12 0.497166 0.497166 0.00566792 1
13 0.496676 0.496676 0.00664857 1
14 0.496147 0.496147 0.00770655 1
15 0.495579 0.495579 0.00884162 1
16 0.494973 0.494973 0.0100535 1
17 0.494329 0.494329 0.0113419 1
18 0.493647 0.493647 0.0127066 1
19 0.492926 0.492926 0.0141471 1
20 0.492168 0.492168 0.0156631 1
21 0.491373 0.491373 0.0172544 1
22 0.49054 0.49054 0.0189205 1
23 0.48967 0.48967 0.0206609 1
24 0.488762 0.488762 0.0224754 1
25 0.487818 0.487818 0.0243634 1
26 0.486838 0.486838 0.0263245 1
27 0.485821 0.485821 0.0283583 1
28 0.484768 0.484768 0.0304642 1
29 0.483679 0.483679 0.0326418 1
30 0.482555 0.482555 0.0348905 1
31 0.481395 0.481395 0.0372098 1
32 0.4802 0.4802 0.0395992 1
33 0.478971 0.478971 0.042058 1
34 0.477707 0.477707 0.0445858 1
35 0.476409 0.476409 0.0471818 1
36 0.475077 0.475077 0.0498455 1
37 0.473712 0.473712 0.0525763 1
38 0.472313 0.472313 0.0553734 1
39 0.470882 0.470882 0.0582363 1
40 0.469418 0.469418 0.0611642 1
41 0.467922 0.467922 0.0641565 1
42 0.466394 0.466394 0.0672124 1
43 0.464834 0.464834 0.0703312 1
44 0.463244 0.463244 0.0735122 1
45 0.461623 0.461623 0.0767546 1
46 0.459971 0.459971 0.0800577 1
47 0.45829 0.45829 0.0834206 1
48 0.456579 0.456579 0.0868426 1
49 0.454839 0.454839 0.0903228 1
50 0.45307 0.45307 0.0938605 1
51 0.451273 0.451273 0.0974547 1
52 0.449448 0.449448 0.101105 1
53 0.447595 0.447595 0.104809 1
54 0.445716 0.445716 0.108568 1
55 0.44381 0.44381 0.11238 1
56 0.441878 0.441878 0.116244 1
57 0.43992 0.43992 0.12016 1
58 0.437937 0.437937 0.124125 1
59 0.43593 0.43593 0.12814 1
60 0.433898 0.433898 0.132204 1
61 0.431843 0.431843 0.136315 1
62 0.429764 0.429764 0.140472 1
63 0.427662 0.427662 0.144675 1
64 0.425538 0.425538 0.148923 1
65 0.423393 0.423393 0.153214 1
66 0.421226 0.421226 0.157548 1
67 0.419039 0.419039 0.161923 1
68 0.416831 0.416831 0.166338 1
69 0.414604 0.414604 0.170793 1
70 0.412357 0.412357 0.175286 1
71 0.410092 0.410092 0.179816 1
72 0.407808 0.407808 0.184383 1
73 0.405508 0.405508 0.188985 1
74 0.40319 0.40319 0.19362 1
75 0.400855 0.400855 0.198289 1
76 0.398505 0.398505 0.202989 1
77 0.39614 0.39614 0.207721 1
78 0.393759 0.393759 0.212481 1
79 0.391365 0.391365 0.21727 1
80 0.388957 0.388957 0.222087 1
81 0.386535 0.386535 0.226929 1
82 0.384102 0.384102 0.231797 1
83 0.381656 0.381656 0.236688 1
84 0.379199 0.379199 0.241602 1
85 0.376731 0.376731 0.246538 1
86 0.374253 0.374253 0.251494 1
87 0.371765 0.371765 0.256469 1
88 0.369269 0.369269 0.261463 1
89 0.366764 0.366764 0.266473 1
90 0.364251 0.364251 0.271498 1
91 0.361731 0.361731 0.276538 1
92 0.359204 0.359204 0.281592 1
93 0.356671 0.356671 0.286657 1
94 0.354133 0.354133 0.291734 1
95 0.35159 0.35159 0.296819 1
96 0.349043 0.349043 0.301914 1
97 0.346492 0.346492 0.307015 1
98 0.343938 0.343938 0.312123 1
99 0.341382 0.341382 0.317236 1
100 0.338824 0.338824 0.322352 1
101 0.336265 0.336265 0.32747 1
102 0.333705 0.333705 0.33259 1
103 0.331145 0.331145 0.33771 1
104 0.328586 0.328586 0.342828 1
105 0.326028 0.326028 0.347944 1
106 0.323472 0.323472 0.353056 1
107 0.320918 0.320918 0.358164 1
108 0.318368 0.318367 0.363265 1
109 0.315821 0.31582 0.368359 1
110 0.313278 0.313278 0.373445 1
111 0.31074 0.31074 0.37852 1
112 0.308207 0.308207 0.383585 1
113 0.305681 0.305681 0.388638 1
114 0.303161 0.303161 0.393678 1
115 0.300649 0.300649 0.398703 1
116 0.298144 0.298144 0.403712 1
117 0.295648 0.295648 0.408705 1
118 0.293161 0.29316 0.413679 1
119 0.290683 0.290683 0.418634 1
120 0.288216 0.288215 0.423569 1
121 0.285759 0.285759 0.428482 1
122 0.283314 0.283313 0.433373 1
123 0.28088 0.28088 0.438239 1
124 0.27846 0.278459 0.443081 1
125 0.276052 0.276052 0.447896 1
126 0.273658 0.273658 0.452685 1
127 0.271278 0.271278 0.457444 1
128 0.268913 0.268913 0.462174 1
129 0.266563 0.266563 0.466873 1
130 0.26423 0.264229 0.471541 1
131 0.261912 0.261912 0.476176 1
132 0.259612 0.259612 0.480776 1
133 0.257329 0.257329 0.485342 1
134 0.255065 0.255065 0.489871 1
135 0.252819 0.252818 0.494363 1
136 0.250592 0.250592 0.498816 1
137 0.248385 0.248384 0.503231 1
138 0.246198 0.246198 0.507605 1
139 0.244032 0.244031 0.511937 1
140 0.241887 0.241886 0.516227 1
141 0.239763 0.239763 0.520474 1
142 0.237662 0.237662 0.524676 1
143 0.235584 0.235584 0.528832 1
144 0.233529 0.233529 0.532942 1
145 0.231498 0.231498 0.537005 1
146 0.229491 0.22949 0.541019 1
147 0.227508 0.227508 0.544984 1
148 0.225551 0.225551 0.548898 1
149 0.223619 0.223619 0.552761 1
150 0.221714 0.221714 0.556573 1
151 0.219835 0.219834 0.560331 1
152 0.217983 0.217982 0.564035 1
153 0.216158 0.216158 0.567685 1
154 0.214361 0.214361 0.571278 1
155 0.212592 0.212592 0.574816 1
156 0.210852 0.210852 0.578296 1
157 0.209141 0.209141 0.581717 1
158 0.20746 0.20746 0.58508 1
159 0.205809 0.205808 0.588383 1
160 0.204187 0.204187 0.591626 1
161 0.202597 0.202596 0.594807 1
162 0.201037 0.201037 0.597926 1
163 0.199509 0.199509 0.600983 1
164 0.198013 0.198012 0.603975 1
165 0.196548 0.196548 0.606904 1
166 0.195116 0.195116 0.609768 1
167 0.193717 0.193717 0.612566 1
168 0.192351 0.192351 0.615298 1
169 0.191019 0.191018 0.617963 1
170 0.18972 0.18972 0.62056 1
171 0.188456 0.188455 0.623089 1
172 0.187225 0.187225 0.62555 1
173 0.18603 0.186029 0.627941 1
174 0.184869 0.184869 0.630263 1
175 0.183744 0.183743 0.632513 1
176 0.182654 0.182653 0.634693 1
177 0.181599 0.181599 0.636802 1
178 0.180581 0.18058 0.638839 1
179 0.179599 0.179598 0.640803 1
180 0.178653 0.178653 0.642694 1
181 0.177744 0.177744 0.644512 1
182 0.176872 0.176872 0.646256 1
183 0.176037 0.176037 0.647926 1
184 0.17524 0.175239 0.649521 1
185 0.17448 0.174479 0.651041 1
186 0.173757 0.173756 0.652486 1
187 0.173072 0.173072 0.653856 1
188 0.172426 0.172425 0.655149 1
189 0.171817 0.171816 0.656366 1
190 0.171247 0.171246 0.657507 1
191 0.170715 0.170714 0.658571 1
192 0.170222 0.170221 0.659557 1
193 0.169767 0.169766 0.660467 1
194 0.169351 0.16935 0.661299 1
195 0.168974 0.168973 0.662053 1
196 0.168636 0.168635 0.662729 1
197 0.168337 0.168336 0.663327 1
198 0.168077 0.168076 0.663847 1
199 0.167856 0.167855 0.664289 1
200 0.167674 0.167674 0.664652 1
201 0.167532 0.167531 0.664937 1
202 0.167429 0.167428 0.665143 1
203 0.167365 0.167364 0.665271 1
204 0.167341 0.16734 0.66532 1
205 0.167355 0.167355 0.66529 1
206 0.16741 0.167409 0.665182 1
207 0.167503 0.167502 0.664995 1
208 0.167636 0.167635 0.664729 1
209 0.167808 0.167807 0.664386 1
210 0.168019 0.168018 0.663963 1
211 0.168269 0.168268 0.663463 1
212 0.168558 0.168558 0.662884 1
213 0.168887 0.168886 0.662227 1
214 0.169254 0.169253 0.661492 1
215 0.16966 0.16966 0.66068 1
216 0.170105 0.170104 0.65979 1
217 0.170589 0.170588 0.658823 1
218 0.171111 0.17111 0.657779 1
219 0.171672 0.171671 0.656658 1
220 0.17227 0.172269 0.65546 1
221 0.172907 0.172906 0.654186 1
222 0.173582 0.173581 0.652836 1
223 0.174295 0.174294 0.651411 1
224 0.175045 0.175044 0.64991 1
225 0.175833 0.175832 0.648335 1
226 0.176658 0.176657 0.646685 1
227 0.17752 0.177519 0.64496 1
228 0.178419 0.178418 0.643162 1
229 0.179355 0.179354 0.641291 1
230 0.180327 0.180326 0.639346 1
231 0.181336 0.181335 0.63733 1
232 0.18238 0.182379 0.635241 1
233 0.18346 0.183459 0.633081 1
234 0.184575 0.184574 0.63085 1
235 0.185726 0.185725 0.628549 1
236 0.186912 0.186911 0.626178 1
237 0.188132 0.188131 0.623737 1
238 0.189386 0.189385 0.621228 1
239 0.190675 0.190674 0.618651 1
240 0.191997 0.191996 0.616006 1
241 0.193353 0.193352 0.613295 1
242 0.194742 0.194741 0.610517 1
243 0.196164 0.196162 0.607674 1
244 0.197618 0.197617 0.604766 1
245 0.199104 0.199103 0.601793 1
246 0.200622 0.200621 0.598758 1
247 0.202171 0.20217 0.595659 1
248 0.203751 0.20375 0.592498 1
249 0.205362 0.205361 0.589277 1
250 0.207004 0.207002 0.585994 1
251 0.208675 0.208673 0.582652 1
252 0.210375 0.210374 0.579251 1
253 0.212105 0.212103 0.575792 1
254 0.213863 0.213861 0.572276 1
255 0.215649 0.215648 0.568703 1
256 0.217463 0.217462 0.565075 1
257 0.219305 0.219304 0.561391 1
258 0.221173 0.221172 0.557654 1
259 0.223069 0.223067 0.553864 1
260 0.22499 0.224988 0.550022 1
261 0.226936 0.226935 0.546129 1
262 0.228908 0.228907 0.542185 1
263 0.230904 0.230903 0.538193 1
264 0.232925 0.232924 0.534151 1
265 0.234969 0.234968 0.530063 1
266 0.237037 0.237035 0.525928 1
267 0.239127 0.239126 0.521747 1
268 0.24124 0.241238 0.517522 1
269 0.243374 0.243372 0.513254 1
270 0.245529 0.245528 0.508943 1
271 0.247705 0.247704 0.504591 1
272 0.249902 0.2499 0.500198 1
273 0.252118 0.252116 0.495766 1
274 0.254353 0.254351 0.491296 1
275 0.256607 0.256605 0.486788 1
276 0.258879 0.258877 0.482244 1
277 0.261168 0.261167 0.477665 1
278 0.263475 0.263473 0.473053 1
279 0.265797 0.265796 0.468407 1
280 0.268136 0.268135 0.463729 1
281 0.27049 0.270489 0.459021 1
282 0.272859 0.272858 0.454283 1
283 0.275242 0.275241 0.449517 1
284 0.277639 0.277638 0.444723 1
285 0.280049 0.280048 0.439903 1
286 0.282472 0.28247 0.435058 1
287 0.284906 0.284904 0.43019 1
288 0.287352 0.28735 0.425298 1
289 0.289808 0.289807 0.420385 1
290 0.292275 0.292273 0.415451 1
291 0.294752 0.29475 0.410499 1
292 0.297237 0.297235 0.405528 1
293 0.299731 0.299729 0.40054 1
294 0.302233 0.302231 0.395536 1
295 0.304742 0.30474 0.390518 1
296 0.307257 0.307256 0.385487 1
297 0.309779 0.309777 0.380443 1
298 0.312306 0.312305 0.375389 1
299 0.314839 0.314837 0.370325 1
300 0.317375 0.317373 0.365252 1
301 0.319915 0.319913 0.360172 1
302 0.322458 0.322456 0.355085 1
303 0.325004 0.325002 0.349994 1
304 0.327551 0.32755 0.344899 1
305 0.3301 0.330098 0.339801 1
306 0.33265 0.332648 0.334703 1
307 0.335199 0.335197 0.329604 1
308 0.337748 0.337746 0.324506 1
309 0.340296 0.340294 0.31941 1
310 0.342842 0.34284 0.314318 1
311 0.345386 0.345384 0.30923 1
312 0.347926 0.347925 0.304149 1
313 0.350464 0.350462 0.299075 1
314 0.352997 0.352995 0.294008 1
315 0.355525 0.355523 0.288952 1
316 0.358048 0.358046 0.283906 1
317 0.360565 0.360563 0.278872 1
318 0.363075 0.363073 0.273851 1
319 0.365579 0.365577 0.268845 1
320 0.368074 0.368072 0.263854 1
321 0.370561 0.370559 0.258879 1
322 0.37304 0.373038 0.253923 1
323 0.375508 0.375507 0.248985 1
324 0.377967 0.377965 0.244068 1
325 0.380415 0.380413 0.239171 1
326 0.382852 0.38285 0.234298 1
327 0.385277 0.385275 0.229448 1
328 0.38769 0.387688 0.224623 1
329 0.390089 0.390087 0.219824 1
330 0.392475 0.392473 0.215052 1
331 0.394847 0.394845 0.210308 1
332 0.397204 0.397203 0.205593 1
333 0.399546 0.399545 0.200909 1
334 0.401873 0.401871 0.196256 1
335 0.404183 0.404181 0.191636 1
336 0.406476 0.406474 0.18705 1
337 0.408751 0.40875 0.182499 1
338 0.411009 0.411007 0.177983 1
339 0.413248 0.413247 0.173505 1
340 0.415469 0.415467 0.169065 1
341 0.417669 0.417667 0.164663 1
342 0.41985 0.419848 0.160302 1
343 0.42201 0.422008 0.155982 1
344 0.424149 0.424147 0.151704 1
345 0.426266 0.426264 0.147469 1
346 0.428361 0.42836 0.143279 1
347 0.430434 0.430432 0.139134 1
348 0.432484 0.432482 0.135035 1
349 0.43451 0.434508 0.130983 1
350 0.436512 0.43651 0.126979 1
351 0.438489 0.438487 0.123024 1
352 0.440442 0.44044 0.119119 1
353 0.442369 0.442367 0.115265 1
354 0.44427 0.444268 0.111463 1
355 0.446144 0.446143 0.107713 1
356 0.447992 0.44799 0.104017 1
357 0.449813 0.449811 0.100376 1
358 0.451606 0.451604 0.0967896 1
359 0.453371 0.453369 0.0932597 1
360 0.455108 0.455106 0.0897868 1
361 0.456815 0.456813 0.0863716 1
362 0.458493 0.458492 0.0830151 1
363 0.460142 0.46014 0.0797181 1
364 0.46176 0.461758 0.0764812 1
365 0.463348 0.463346 0.0733053 1
366 0.464905 0.464904 0.0701912 1
367 0.466431 0.466429 0.0671395 1
368 0.467925 0.467924 0.0641509 1
369 0.469388 0.469386 0.0612262 1
370 0.470818 0.470816 0.0583661 1
371 0.472215 0.472213 0.0555713 1
372 0.47358 0.473578 0.0528423 1
373 0.474911 0.474909 0.0501799 1
374 0.476209 0.476207 0.0475847 1
375 0.477472 0.477471 0.0450573 1
376 0.478702 0.4787 0.0425982 1
377 0.479897 0.479895 0.0402081 1
378 0.481057 0.481055 0.0378875 1
379 0.482182 0.482181 0.035637 1
380 0.483272 0.483271 0.0334571 1
381 0.484327 0.484325 0.0313484 1
382 0.485345 0.485344 0.0293112 1
383 0.486328 0.486326 0.0273461 1
384 0.487274 0.487272 0.0254536 1
385 0.488184 0.488182 0.0236341 1
386 0.489057 0.489055 0.021888 1
387 0.489893 0.489891 0.0202158 1
388 0.490692 0.49069 0.0186178 1
389 0.491454 0.491452 0.0170944 1
390 0.492178 0.492176 0.0156459 1
391 0.492864 0.492863 0.0142728 1
392 0.493513 0.493512 0.0129753 1
393 0.494124 0.494122 0.0117537 1
394 0.494697 0.494695 0.0106084 1
395 0.495231 0.49523 0.00953953 1
396 0.495727 0.495726 0.00854741 1
397 0.496185 0.496183 0.00763226 1
398 0.496604 0.496602 0.00679429 1
399 0.496984 0.496982 0.00603371 1
400 0.497325 0.497324 0.00535067 1
401 0.497628 0.497627 0.00474536 1
402 0.497892 0.49789 0.00421789 1
403 0.498116 0.498115 0.00376841 1
404 0.498302 0.498301 0.003397 1
405 0.498449 0.498447 0.00310376 1
406 0.498556 0.498555 0.00288875 1
407 0.498625 0.498623 0.00275202 1
408 0.498654 0.498653 0.0026936 1
409 0.498644 0.498643 0.0027135 1
410 0.498595 0.498594 0.00281171 1
411 0.498506 0.498505 0.00298821 1
412 0.498379 0.498378 0.00324295 1
413 0.498213 0.498212 0.00357586 1
414 0.498007 0.498006 0.00398687 1
415 0.497763 0.497762 0.00447587 1
416 0.497479 0.497478 0.00504275 1
417 0.497157 0.497156 0.00568736 1
418 0.496796 0.496795 0.00640956 1
419 0.496396 0.496395 0.00720917 1
420 0.495957 0.495957 0.00808599 1
421 0.495481 0.49548 0.00903982 1
422 0.494965 0.494964 0.0100704 1
423 0.494412 0.494411 0.0111776 1
424 0.49382 0.493819 0.0123609 1
425 0.49319 0.493189 0.0136203 1
426 0.492523 0.492522 0.0149554 1
427 0.491817 0.491817 0.0163658 1
428 0.491075 0.491074 0.0178512 1
429 0.490295 0.490294 0.0194113 1
430 0.489477 0.489477 0.0210457 1
431 0.488623 0.488623 0.022754 1
432 0.487732 0.487732 0.0245358 1
433 0.486805 0.486804 0.0263907 1
434 0.485841 0.485841 0.0283182 1
435 0.484841 0.484841 0.0303179 1
436 0.483806 0.483805 0.0323893 1
437 0.482734 0.482734 0.0345319 1
438 0.481628 0.481627 0.0367451 1
439 0.480486 0.480486 0.0390285 1
440 0.479309 0.479309 0.0413816 1
441 0.478098 0.478098 0.0438037 1
442 0.476853 0.476853 0.0462943 1
443 0.475574 0.475573 0.0488528 1
444 0.474261 0.474261 0.0514785 1
445 0.472915 0.472914 0.054171 1
446 0.471535 0.471535 0.0569294 1
447 0.470124 0.470123 0.0597532 1
448 0.468679 0.468679 0.0626417 1
449 0.467203 0.467203 0.0655942 1
450 0.465695 0.465695 0.06861 1
451 0.464156 0.464156 0.0716883 1
452 0.462586 0.462586 0.0748286 1
453 0.460985 0.460985 0.0780299 1
454 0.459354 0.459354 0.0812916 1
455 0.457694 0.457694 0.0846128 1
456 0.456004 0.456004 0.0879929 1
457 0.454285 0.454285 0.0914309 1
458 0.452537 0.452537 0.094926 1
459 0.450761 0.450761 0.0984775 1
460 0.448958 0.448958 0.102085 1
461 0.447127 0.447127 0.105746 1
462 0.445269 0.445269 0.109462 1
463 0.443385 0.443385 0.11323 1
464 0.441475 0.441475 0.11705 1
465 0.439539 0.439539 0.120921 1
466 0.437578 0.437579 0.124843 1
467 0.435593 0.435593 0.128814 1
468 0.433583 0.433584 0.132833 1
469 0.43155 0.431551 0.136899 1
470 0.429494 0.429494 0.141012 1
471 0.427415 0.427415 0.14517 1
472 0.425314 0.425314 0.149372 1
473 0.423191 0.423191 0.153618 1
474 0.421046 0.421047 0.157906 1
475 0.418882 0.418882 0.162236 1
476 0.416697 0.416697 0.166606 1
477 0.414492 0.414493 0.171016 1
478 0.412268 0.412269 0.175463 1
479 0.410026 0.410026 0.179948 1
480 0.407765 0.407766 0.184469 1
481 0.405487 0.405488 0.189025 1
482 0.403192 0.403193 0.193615 1
483 0.40088 0.400881 0.198238 1
484 0.398553 0.398554 0.202893 1
485 0.39621 0.396211 0.207579 1
486 0.393853 0.393854 0.212294 1
487 0.391481 0.391482 0.217037 1
488 0.389095 0.389096 0.221808 1
489 0.386697 0.386698 0.226605 1
490 0.384286 0.384287 0.231428 1
491 0.381862 0.381864 0.236274 1
492 0.379428 0.379429 0.241143 1
493 0.376983 0.376984 0.246034 1
494 0.374527 0.374528 0.250945 1
495 0.372062 0.372063 0.255875 1
496 0.369587 0.369589 0.260824 1
497 0.367105 0.367106 0.26579 1
498 0.364614 0.364615 0.270771 1
499 0.362116 0.362117 0.275767 1
500 0.359611 0.359612 0.280776 1
501 0.3571 0.357102 0.285798 1
502 0.354584 0.354585 0.290831 1
503 0.352062 0.352064 0.295874 1
504 0.349537 0.349538 0.300925 1
505 0.347007 0.347009 0.305984 1
506 0.344475 0.344476 0.311049 1
507 0.34194 0.341941 0.316119 1
508 0.339403 0.339404 0.321193 1
509 0.336864 0.336866 0.32627 1
510 0.334325 0.334327 0.331348 1
511 0.331786 0.331788 0.336426 1
512 0.329247 0.329249 0.341504 1
513 0.326709 0.326711 0.346579 1
514 0.324173 0.324175 0.351651 1
515 0.32164 0.321642 0.356719 1
516 0.319109 0.319111 0.36178 1
517 0.316581 0.316583 0.366835 1
518 0.314058 0.31406 0.371882 1
519 0.311539 0.311541 0.376919 1
520 0.309026 0.309028 0.381946 1
521 0.306518 0.30652 0.386961 1
522 0.304017 0.304019 0.391963 1
523 0.301523 0.301525 0.396952 1
524 0.299037 0.299039 0.401924 1
525 0.296558 0.296561 0.406881 1
526 0.294089 0.294091 0.41182 1
527 0.291629 0.291631 0.41674 1
528 0.289179 0.289181 0.42164 1
529 0.286739 0.286742 0.426519 1
530 0.284311 0.284314 0.431375 1
531 0.281894 0.281897 0.436209 1
532 0.27949 0.279493 0.441017 1
533 0.277099 0.277101 0.4458 1
534 0.27472 0.274723 0.450556 1
535 0.272356 0.272359 0.455285 1
536 0.270007 0.270009 0.459984 1
537 0.267672 0.267675 0.464653 1
538 0.265353 0.265356 0.46929 1
539 0.263051 0.263054 0.473896 1
540 0.260765 0.260768 0.478468 1
541 0.258496 0.258499 0.483005 1
542 0.256245 0.256248 0.487506 1
543 0.254013 0.254016 0.491971 1
544 0.251799 0.251802 0.496398 1
545 0.249605 0.249608 0.500787 1
546 0.247431 0.247434 0.505135 1
547 0.245277 0.24528 0.509443 1
548 0.243144 0.243147 0.513709 1
549 0.241033 0.241036 0.517932 1
550 0.238943 0.238946 0.522111 1
551 0.236876 0.236879 0.526245 1
552 0.234832 0.234835 0.530333 1
553 0.232811 0.232814 0.534374 1
554 0.230814 0.230818 0.538368 1
555 0.228842 0.228845 0.542313 1
556 0.226894 0.226897 0.546208 1
557 0.224972 0.224975 0.550053 1
558 0.223075 0.223079 0.553846 1
559 0.221205 0.221208 0.557587 1
560 0.219361 0.219364 0.561275 1
561 0.217544 0.217548 0.564908 1
562 0.215755 0.215758 0.568486 1
563 0.213994 0.213997 0.572009 1
564 0.212261 0.212264 0.575475 1
565 0.210557 0.21056 0.578883 1
566 0.208882 0.208885 0.582233 1
567 0.207236 0.207239 0.585525 1
568 0.20562 0.205624 0.588756 1
569 0.204035 0.204039 0.591926 1
570 0.202481 0.202484 0.595035 1
571 0.200957 0.200961 0.598082 1
572 0.199465 0.199468 0.601067 1
573 0.198005 0.198008 0.603987 1
574 0.196576 0.19658 0.606844 1
575 0.19518 0.195184 0.609635 1
576 0.193817 0.193821 0.612361 1
577 0.192488 0.192491 0.615021 1
578 0.191191 0.191195 0.617614 1
579 0.189928 0.189932 0.62014 1
580 0.1887 0.188703 0.622597 1
581 0.187505 0.187509 0.624986 1
582 0.186345 0.186349 0.627306 1
583 0.18522 0.185224 0.629556 1
584 0.18413 0.184134 0.631735 1
585 0.183076 0.18308 0.633844 1
586 0.182057 0.182061 0.635882 1
587 0.181074 0.181078 0.637848 1
588 0.180127 0.180131 0.639742 1
589 0.179217 0.179221 0.641563 1
590 0.178343 0.178347 0.643311 1
591 0.177505 0.177509 0.644985 1
592 0.176705 0.176709 0.646586 1
593 0.175942 0.175946 0.648112 1
594 0.175216 0.17522 0.649564 1
595 0.174527 0.174532 0.650941 1
596 0.173877 0.173881 0.652242 1
597 0.173264 0.173268 0.653468 1
598 0.172689 0.172693 0.654618 1
599 0.172152 0.172156 0.655692 1
600 0.171653 0.171657 0.65669 1
601 0.171193 0.171197 0.657611 1
602 0.170771 0.170775 0.658455 1
603 0.170387 0.170391 0.659222 1
604 0.170042 0.170046 0.659911 1
605 0.169736 0.16974 0.660524 1
606 0.169469 0.169473 0.661059 1
607 0.16924 0.169244 0.661516 1
608 0.16905 0.169054 0.661895 1
609 0.168899 0.168904 0.662197 1
610 0.168788 0.168792 0.662421 1
611 0.168715 0.168719 0.662566 1
612 0.168681 0.168685 0.662634 1
613 0.168686 0.16869 0.662624 1
614 0.16873 0.168734 0.662536 1
615 0.168813 0.168817 0.662369 1
616 0.168935 0.16894 0.662125 1
617 0.169096 0.169101 0.661803 1
618 0.169296 0.1693 0.661403 1
619 0.169535 0.169539 0.660926 1
620 0.169812 0.169817 0.660371 1
621 0.170129 0.170133 0.659738 1
622 0.170484 0.170488 0.659028 1
623 0.170877 0.170881 0.658242 1
624 0.171309 0.171313 0.657378 1
625 0.171779 0.171784 0.656437 1
626 0.172288 0.172292 0.65542 1
627 0.172834 0.172839 0.654327 1
628 0.173419 0.173424 0.653157 1
629 0.174042 0.174046 0.651912 1
630 0.174702 0.174706 0.650592 1
631 0.1754 0.175404 0.649196 1
632 0.176135 0.176139 0.647726 1
633 0.176907 0.176912 0.646181 1
634 0.177716 0.177721 0.644563 1
635 0.178563 0.178567 0.64287 1
636 0.179446 0.17945 0.641105 1
637 0.180365 0.180369 0.639266 1
638 0.18132 0.181325 0.637355 1
639 0.182312 0.182316 0.635372 1
640 0.183339 0.183343 0.633318 1
641 0.184401 0.184406 0.631193 1
642 0.185499 0.185504 0.628997 1
643 0.186632 0.186636 0.626732 1
644 0.1878 0.187804 0.624396 1
645 0.189002 0.189006 0.621993 1
646 0.190238 0.190242 0.61952 1
647 0.191508 0.191512 0.61698 1
648 0.192811 0.192815 0.614374 1
649 0.194148 0.194152 0.6117 1
650 0.195517 0.195522 0.608961 1
651 0.19692 0.196924 0.606156 1
652 0.198354 0.198358 0.603287 1
653 0.19982 0.199825 0.600355 1
654 0.201318 0.201323 0.597359 1
655 0.202848 0.202852 0.5943 1
656 0.204408 0.204412 0.59118 1
657 0.205998 0.206002 0.587999 1
658 0.207619 0.207623 0.584758 1
659 0.209269 0.209273 0.581458 1
660 0.210949 0.210953 0.578098 1
661 0.212657 0.212662 0.574681 1
662 0.214394 0.214399 0.571207 1
663 0.216159 0.216164 0.567677 1
664 0.217952 0.217957 0.564091 1
665 0.219772 0.219777 0.560451 1
666 0.221619 0.221624 0.556757 1
667 0.223493 0.223497 0.553011 1
668 0.225392 0.225396 0.549212 1
669 0.227317 0.227321 0.545363 1
670 0.229266 0.229271 0.541463 1
671 0.231241 0.231245 0.537514 1
672 0.233239 0.233243 0.533517 1
673 0.235261 0.235266 0.529473 1
674 0.237307 0.237311 0.525383 1
675 0.239374 0.239379 0.521247 1
676 0.241465 0.241469 0.517067 1
677 0.243576 0.24358 0.512843 1
678 0.245709 0.245713 0.508577 1
679 0.247863 0.247867 0.50427 1
680 0.250037 0.250041 0.499923 1
681 0.25223 0.252234 0.495536 1
682 0.254443 0.254447 0.491111 1
683 0.256674 0.256678 0.486649 1
684 0.258923 0.258927 0.48215 1
685 0.26119 0.261194 0.477617 1
686 0.263473 0.263477 0.473049 1
687 0.265774 0.265778 0.468449 1
688 0.26809 0.268094 0.463817 1
689 0.270421 0.270425 0.459154 1
690 0.272767 0.272771 0.454461 1
691 0.275128 0.275132 0.44974 1
692 0.277502 0.277506 0.444992 1
693 0.279889 0.279893 0.440217 1
694 0.282289 0.282293 0.435417 1
695 0.284701 0.284705 0.430594 1
696 0.287125 0.287128 0.425747 1
697 0.289559 0.289563 0.420879 1
698 0.292003 0.292007 0.41599 1
699 0.294457 0.294461 0.411081 1
700 0.296921 0.296924 0.406155 1
701 0.299392 0.299396 0.401211 1
702 0.301872 0.301876 0.396252 1
703 0.304359 0.304363 0.391278 1
704 0.306853 0.306857 0.38629 1
705 0.309353 0.309357 0.38129 1
706 0.311859 0.311862 0.376279 1
707 0.314369 0.314373 0.371258 1
708 0.316884 0.316888 0.366228 1
709 0.319403 0.319407 0.361191 1
710 0.321925 0.321928 0.356147 1
711 0.32445 0.324453 0.351097 1
712 0.326976 0.32698 0.346044 1
713 0.329504 0.329508 0.340988 1
714 0.332033 0.332036 0.335931 1
715 0.334562 0.334565 0.330873 1
716 0.33709 0.337094 0.325816 1
717 0.339618 0.339621 0.320761 1
718 0.342144 0.342147 0.315709 1
719 0.344668 0.344671 0.310661 1
720 0.347189 0.347192 0.305619 1
721 0.349707 0.34971 0.300583 1
722 0.35222 0.352224 0.295556 1
723 0.354729 0.354733 0.290538 1
724 0.357233 0.357237 0.28553 1
725 0.359732 0.359735 0.280534 1
726 0.362223 0.362227 0.27555 1
727 0.364708 0.364711 0.27058 1
728 0.367186 0.367189 0.265626 1
729 0.369655 0.369658 0.260687 1
730 0.372115 0.372118 0.255766 1
731 0.374567 0.37457 0.250864 1
732 0.377008 0.377011 0.245981 1
733 0.379439 0.379442 0.241119 1
734 0.381859 0.381862 0.236279 1
735 0.384267 0.38427 0.231462 1
736 0.386664 0.386666 0.22667 1
737 0.389047 0.38905 0.221903 1
738 0.391417 0.39142 0.217163 1
739 0.393773 0.393776 0.21245 1
740 0.396115 0.396118 0.207767 1
741 0.398442 0.398445 0.203113 1
742 0.400754 0.400756 0.19849 1
743 0.403049 0.403052 0.193899 1
744 0.405328 0.40533 0.189342 1
745 0.40759 0.407592 0.184818 1
746 0.409833 0.409836 0.180331 1
747 0.412059 0.412062 0.175879 1
748 0.414266 0.414269 0.171465 1
749 0.416454 0.416456 0.16709 1
750 0.418622 0.418624 0.162754 1
751 0.42077 0.420772 0.158459 1
752 0.422896 0.422899 0.154205 1
753 0.425002 0.425004 0.149994 1
754 0.427086 0.427088 0.145826 1
755 0.429147 0.42915 0.141703 1
756 0.431186 0.431188 0.137626 1
757 0.433201 0.433204 0.133595 1
758 0.435193 0.435195 0.129611 1
759 0.437161 0.437163 0.125676 1
760 0.439104 0.439106 0.121791 1
761 0.441021 0.441023 0.117955 1
762 0.442913 0.442915 0.114171 1
763 0.44478 0.444781 0.110439 1
764 0.446619 0.446621 0.10676 1
765 0.448432 0.448434 0.103134 1
766 0.450217 0.450219 0.0995636 1
767 0.451975 0.451977 0.0960484 1
768 0.453704 0.453706 0.0925895 1
769 0.455405 0.455407 0.0891878 1
770 0.457077 0.457079 0.085844 1
771 0.45872 0.458721 0.082559 1
772 0.460332 0.460334 0.0793335 1
773 0.461915 0.461917 0.0761683 1
774 0.463467 0.463469 0.0730642 1
775 0.464988 0.46499 0.0700218 1
776 0.466478 0.46648 0.0670419 1
777 0.467937 0.467938 0.0641252 1
778 0.469363 0.469365 0.0612724 1
779 0.470757 0.470759 0.0584841 1
780 0.472119 0.47212 0.0557611 1
781 0.473447 0.473449 0.0531039 1
782 0.474743 0.474744 0.0505132 1
783 0.476005 0.476006 0.0479896 1
784 0.477233 0.477234 0.0455336 1
785 0.478426 0.478428 0.043146 1
786 0.479586 0.479587 0.0408271 1
787 0.480711 0.480712 0.0385777 1
788 0.4818 0.481801 0.0363981 1
789 0.482855 0.482856 0.034289 1
790 0.483874 0.483875 0.0322508 1
791 0.484858 0.484859 0.030284 1
792 0.485805 0.485806 0.028389 1
793 0.486716 0.486717 0.0265663 1
794 0.487591 0.487592 0.0248164 1
795 0.48843 0.488431 0.0231396 1
796 0.489231 0.489232 0.0215364 1
797 0.489996 0.489997 0.0200071 1
798 0.490724 0.490724 0.018552 1
799 0.491414 0.491415 0.0171716 1
800 0.492067 0.492067 0.0158661 1
801 0.492682 0.492682 0.0146359 1
802 0.493259 0.49326 0.0134812 1
803 0.493799 0.493799 0.0124023 1
804 0.4943 0.494301 0.0113995 1
805 0.494763 0.494764 0.0104729 1
806 0.495188 0.495189 0.0096229 1
807 0.495575 0.495575 0.00884958 1
808 0.495923 0.495924 0.00815316 1
809 0.496233 0.496233 0.00753378 1
810 0.496504 0.496504 0.00699159 1
811 0.496736 0.496737 0.00652673 1
812 0.49693 0.49693 0.00613929 1
813 0.497085 0.497085 0.00582937 1
814 0.497201 0.497202 0.00559704 1
815 0.497279 0.497279 0.00544234 1
816 0.497317 0.497317 0.00536531 1
817 0.497317 0.497317 0.00536598 1
818 0.497278 0.497278 0.00544432 1
819 0.4972 0.4972 0.00560033 1
820 0.497083 0.497083 0.00583396 1
821 0.496927 0.496927 0.00614515 1
822 0.496733 0.496733 0.00653383 1
823 0.4965 0.4965 0.00699989 1
824 0.496228 0.496228 0.00754324 1
825 0.495918 0.495918 0.00816374 1
826 0.49557 0.495569 0.00886123 1
827 0.495182 0.495182 0.00963554 1
828 0.494757 0.494757 0.0104865 1
829 0.494293 0.494293 0.0114139 1
830 0.493791 0.493791 0.0124175 1
831 0.493252 0.493251 0.0134971 1
832 0.492674 0.492674 0.0146524 1
833 0.492059 0.492058 0.0158831 1
834 0.491406 0.491405 0.017189 1
835 0.490715 0.490715 0.0185697 1
836 0.489988 0.489987 0.0200249 1
837 0.489223 0.489223 0.0215543 1
838 0.488422 0.488421 0.0231575 1
839 0.487583 0.487583 0.024834 1
840 0.486709 0.486708 0.0265836 1
841 0.485798 0.485797 0.0284057 1
842 0.48485 0.48485 0.0303 1
843 0.483867 0.483867 0.0322661 1
844 0.482849 0.482848 0.0343033 1
845 0.481795 0.481794 0.0364113 1
846 0.480706 0.480705 0.0385895 1
847 0.479582 0.479581 0.0408375 1
848 0.478423 0.478422 0.0431547 1
849 0.47723 0.477229 0.0455405 1
850 0.476003 0.476002 0.0479943 1
851 0.474743 0.474742 0.0505157 1
852 0.473449 0.473447 0.0531039 1
853 0.472121 0.47212 0.0557585 1
854 0.470761 0.47076 0.0584786 1
855 0.469369 0.469368 0.0612638 1
856 0.467944 0.467943 0.0641133 1
857 0.466487 0.466486 0.0670264 1
858 0.464999 0.464998 0.0700025 1
859 0.46348 0.463479 0.0730409 1
860 0.46193 0.461929 0.0761408 1
861 0.46035 0.460349 0.0793015 1
862 0.45874 0.458738 0.0825223 1
863 0.4571 0.457098 0.0858023 1
864 0.45543 0.455429 0.0891408 1
865 0.453732 0.453731 0.092537 1
866 0.452006 0.452004 0.0959902 1
867 0.450251 0.45025 0.0994994 1
868 0.448469 0.448467 0.103064 1
869 0.446659 0.446658 0.106683 1
870 0.444823 0.444822 0.110355 1
871 0.442961 0.442959 0.11408 1
872 0.441072 0.441071 0.117857 1
873 0.439158 0.439157 0.121685 1
874 0.43722 0.437218 0.125562 1
875 0.435256 0.435254 0.129489 1
876 0.433269 0.433267 0.133464 1
877 0.431258 0.431256 0.137486 1
878 0.429224 0.429222 0.141555 1
879 0.427167 0.427165 0.145668 1
880 0.425088 0.425086 0.149826 1
881 0.422987 0.422985 0.154027 1
882 0.420866 0.420864 0.158271 1
883 0.418723 0.418721 0.162556 1
884 0.416561 0.416559 0.166881 1
885 0.414379 0.414377 0.171245 1
886 0.412177 0.412175 0.175647 1
887 0.409958 0.409955 0.180087 1
888 0.40772 0.407717 0.184563 1
889 0.405464 0.405462 0.189074 1
890 0.403192 0.40319 0.193619 1
891 0.400903 0.400901 0.198197 1
892 0.398598 0.398596 0.202806 1
893 0.396278 0.396276 0.207447 1
894 0.393943 0.393941 0.212117 1
895 0.391594 0.391591 0.216815 1
896 0.389231 0.389228 0.221541 1
897 0.386855 0.386852 0.226293 1
898 0.384466 0.384463 0.231071 1
899 0.382065 0.382063 0.235872 1
900 0.379653 0.379651 0.240696 1
901 0.37723 0.377228 0.245542 1
902 0.374797 0.374794 0.250409 1
903 0.372354 0.372351 0.255295 1
904 0.369902 0.369899 0.2602 1
905 0.367441 0.367438 0.265121 1
906 0.364972 0.364969 0.270059 1
907 0.362496 0.362493 0.275011 1
908 0.360013 0.36001 0.279977 1
909 0.357524 0.357521 0.284955 1
910 0.355029 0.355026 0.289945 1
911 0.352529 0.352526 0.294944 1
912 0.350025 0.350022 0.299953 1
913 0.347517 0.347514 0.304969 1
914 0.345005 0.345003 0.309992 1
915 0.342491 0.342488 0.31502 1
916 0.339975 0.339972 0.320052 1
917 0.337458 0.337455 0.325088 1
918 0.334939 0.334936 0.330125 1
919 0.33242 0.332417 0.335162 1
920 0.329902 0.329899 0.340199 1
921 0.327384 0.327381 0.345234 1
922 0.324868 0.324865 0.350266 1
923 0.322354 0.322351 0.355294 1
924 0.319843 0.31984 0.360317 1
925 0.317335 0.317332 0.365332 1
926 0.314831 0.314828 0.37034 1
927 0.312332 0.312329 0.37534 1
928 0.309837 0.309834 0.380328 1
929 0.307349 0.307345 0.385306 1
930 0.304866 0.304863 0.390271 1
931 0.30239 0.302387 0.395223 1
932 0.299922 0.299919 0.400159 1
933 0.297462 0.297458 0.40508 1
934 0.29501 0.295007 0.409983 1
935 0.292568 0.292564 0.414868 1
936 0.290135 0.290131 0.419734 1
937 0.287712 0.287709 0.424579 1
938 0.285301 0.285298 0.429402 1
939 0.282901 0.282897 0.434202 1
940 0.280513 0.280509 0.438978 1
941 0.278137 0.278134 0.443728 1
942 0.275775 0.275772 0.448453 1
943 0.273427 0.273423 0.45315 1
944 0.271093 0.271089 0.457818 1
945 0.268773 0.26877 0.462457 1
946 0.266469 0.266466 0.467065 1
947 0.264181 0.264178 0.471641 1
948 0.26191 0.261906 0.476185 1
949 0.259655 0.259651 0.480694 1
950 0.257418 0.257414 0.485168 1
951 0.255199 0.255195 0.489606 1
952 0.252999 0.252995 0.494007 1
953 0.250817 0.250814 0.498369 1
954 0.248656 0.248652 0.502692 1
955 0.246514 0.246511 0.506975 1
956 0.244393 0.24439 0.511217 1
957 0.242294 0.24229 0.515416 1
958 0.240216 0.240212 0.519572 1
959 0.23816 0.238156 0.523684 1
960 0.236126 0.236123 0.527751 1
961 0.234116 0.234113 0.531771 1
962 0.23213 0.232126 0.535744 1
963 0.230167 0.230163 0.539669 1
964 0.228229 0.228225 0.543545 1
965 0.226316 0.226312 0.547372 1
966 0.224429 0.224425 0.551147 1
967 0.222567 0.222563 0.55487 1
968 0.220731 0.220727 0.558541 1
969 0.218923 0.218919 0.562159 1
970 0.217141 0.217137 0.565722 1
971 0.215387 0.215383 0.56923 1
972 0.213661 0.213657 0.572681 1
973 0.211964 0.21196 0.576076 1
974 0.210295 0.210291 0.579414 1
975 0.208656 0.208652 0.582693 1
976 0.207046 0.207042 0.585913 1
977 0.205466 0.205462 0.589072 1
978 0.203916 0.203912 0.592171 1
979 0.202397 0.202393 0.595209 1
980 0.20091 0.200906 0.598185 1
981 0.199453 0.199449 0.601097 1
982 0.198029 0.198025 0.603947 1
983 0.196636 0.196632 0.606731 1
984 0.195276 0.195272 0.609452 1
985 0.193949 0.193945 0.612106 1
986 0.192655 0.192651 0.614694 1
987 0.191394 0.19139 0.617216 1
988 0.190167 0.190163 0.61967 1
989 0.188974 0.188969 0.622057 1
990 0.187815 0.187811 0.624375 1
991 0.18669 0.186686 0.626624 1
992 0.185601 0.185596 0.628803 1
993 0.184546 0.184542 0.630912 1
994 0.183527 0.183522 0.632951 1
995 0.182543 0.182539 0.634919 1
996 0.181595 0.181591 0.636815 1
997 0.180683 0.180678 0.638639 1
998 0.179807 0.179803 0.640391 1
999 0.178967 0.178963 0.64207 1
1000 0.178164 0.17816 0.643675 1
1001 0.177398 0.177394 0.645208 1
